(kicad_pcb (version 20171130) (host pcbnew "(5.0.0-rc2-206-gf10aa6c85)")

  (general
    (thickness 1.6)
    (drawings 28)
    (tracks 886)
    (zones 0)
    (modules 92)
    (nets 73)
  )

  (page A4)
  (layers
    (0 F.Cu signal)
    (31 B.Cu signal)
    (32 B.Adhes user)
    (33 F.Adhes user)
    (34 B.Paste user)
    (35 F.Paste user)
    (36 B.SilkS user)
    (37 F.SilkS user)
    (38 B.Mask user)
    (39 F.Mask user)
    (40 Dwgs.User user)
    (41 Cmts.User user)
    (42 Eco1.User user)
    (43 Eco2.User user)
    (44 Edge.Cuts user)
    (45 Margin user)
    (46 B.CrtYd user)
    (47 F.CrtYd user)
    (48 B.Fab user)
    (49 F.Fab user)
  )

  (setup
    (last_trace_width 0.3)
    (user_trace_width 0.3)
    (user_trace_width 0.5)
    (user_trace_width 1)
    (user_trace_width 1.5)
    (user_trace_width 2)
    (trace_clearance 0.3)
    (zone_clearance 0.4)
    (zone_45_only no)
    (trace_min 0.25)
    (segment_width 0.2)
    (edge_width 0.15)
    (via_size 2)
    (via_drill 1)
    (via_min_size 0.2)
    (via_min_drill 0.1)
    (user_via 0.2 0.1)
    (user_via 1.4 0.1)
    (user_via 2 1)
    (uvia_size 0.3)
    (uvia_drill 0.1)
    (uvias_allowed no)
    (uvia_min_size 0.2)
    (uvia_min_drill 0.1)
    (pcb_text_width 0.3)
    (pcb_text_size 1.5 1.5)
    (mod_edge_width 0.15)
    (mod_text_size 1 1)
    (mod_text_width 0.15)
    (pad_size 1.524 1.524)
    (pad_drill 0.762)
    (pad_to_mask_clearance 0.2)
    (aux_axis_origin 0 0)
    (visible_elements 7FFFFF7F)
    (pcbplotparams
      (layerselection 0x01000_7fffffff)
      (usegerberextensions false)
      (usegerberattributes false)
      (usegerberadvancedattributes false)
      (creategerberjobfile false)
      (excludeedgelayer true)
      (linewidth 0.100000)
      (plotframeref false)
      (viasonmask false)
      (mode 1)
      (useauxorigin false)
      (hpglpennumber 1)
      (hpglpenspeed 20)
      (hpglpendiameter 15.000000)
      (psnegative false)
      (psa4output false)
      (plotreference true)
      (plotvalue true)
      (plotinvisibletext false)
      (padsonsilk false)
      (subtractmaskfromsilk false)
      (outputformat 1)
      (mirror false)
      (drillshape 0)
      (scaleselection 1)
      (outputdirectory "gerbers"))
  )

  (net 0 "")
  (net 1 GND)
  (net 2 /SheetPower/VUSB)
  (net 3 "Net-(C2-Pad1)")
  (net 4 "Net-(C4-Pad1)")
  (net 5 +5V)
  (net 6 +3V3)
  (net 7 "Net-(C8-Pad1)")
  (net 8 "Net-(C8-Pad2)")
  (net 9 /Sheet_MCU-LED-Driver/RESET)
  (net 10 "Net-(C16-Pad1)")
  (net 11 "Net-(C17-Pad1)")
  (net 12 "Net-(D1-Pad2)")
  (net 13 "Net-(D2-Pad3)")
  (net 14 "Net-(D2-Pad4)")
  (net 15 "Net-(D3-Pad1)")
  (net 16 "Net-(D4-Pad1)")
  (net 17 "Net-(D4-Pad2)")
  (net 18 "Net-(D5-Pad2)")
  (net 19 "Net-(D5-Pad1)")
  (net 20 "Net-(D6-Pad1)")
  (net 21 "Net-(D6-Pad2)")
  (net 22 "Net-(D7-Pad2)")
  (net 23 "Net-(D7-Pad1)")
  (net 24 "Net-(D8-Pad2)")
  (net 25 "Net-(DA1-Pad1)")
  (net 26 "Net-(DA2-Pad1)")
  (net 27 "Net-(DA3-Pad1)")
  (net 28 "Net-(DB1-Pad1)")
  (net 29 "Net-(DB2-Pad1)")
  (net 30 "Net-(DB3-Pad1)")
  (net 31 "Net-(DC1-Pad1)")
  (net 32 "Net-(DC2-Pad1)")
  (net 33 "Net-(DC3-Pad1)")
  (net 34 "Net-(DD1-Pad1)")
  (net 35 "Net-(DD2-Pad1)")
  (net 36 "Net-(DD3-Pad1)")
  (net 37 "Net-(DE1-Pad1)")
  (net 38 "Net-(DE2-Pad1)")
  (net 39 "Net-(DE3-Pad1)")
  (net 40 "Net-(DF1-Pad1)")
  (net 41 "Net-(DF2-Pad1)")
  (net 42 "Net-(DF3-Pad1)")
  (net 43 "Net-(F1-Pad2)")
  (net 44 "Net-(J1-Pad4)")
  (net 45 "Net-(J1-Pad3)")
  (net 46 "Net-(J1-Pad2)")
  (net 47 +BATT)
  (net 48 /Sheet_MCU-LED-Driver/SWCLK)
  (net 49 /Sheet_MCU-LED-Driver/SWDIO)
  (net 50 "Net-(R2-Pad1)")
  (net 51 "Net-(R3-Pad1)")
  (net 52 "Net-(R4-Pad2)")
  (net 53 "Net-(R5-Pad1)")
  (net 54 "Net-(R8-Pad1)")
  (net 55 /Sheet_MCU-LED-Driver/SDA0)
  (net 56 /Sheet_MCU-LED-Driver/SCL0)
  (net 57 "Net-(R12-Pad1)")
  (net 58 "Net-(R14-Pad2)")
  (net 59 /SheetBatteryGauge/LED_VCC)
  (net 60 "Net-(R16-Pad2)")
  (net 61 "Net-(R19-Pad2)")
  (net 62 "Net-(R20-Pad2)")
  (net 63 "Net-(R25-Pad2)")
  (net 64 "Net-(SW2-Pad1)")
  (net 65 "Net-(SW3-Pad1)")
  (net 66 "Net-(SW5-Pad2)")
  (net 67 "Net-(U5-Pad3)")
  (net 68 "Net-(U5-Pad1)")
  (net 69 "Net-(U6-Pad2)")
  (net 70 USBDP)
  (net 71 USBDM)
  (net 72 /Sheet_MCU-LED-Driver/ISSI_SDB)

  (net_class Default "This is the default net class."
    (clearance 0.3)
    (trace_width 0.25)
    (via_dia 2)
    (via_drill 1)
    (uvia_dia 0.3)
    (uvia_drill 0.1)
    (diff_pair_gap 0.3)
    (diff_pair_width 0.3)
    (add_net +3V3)
    (add_net +5V)
    (add_net +BATT)
    (add_net /SheetBatteryGauge/LED_VCC)
    (add_net /SheetPower/VUSB)
    (add_net /Sheet_MCU-LED-Driver/ISSI_SDB)
    (add_net /Sheet_MCU-LED-Driver/RESET)
    (add_net /Sheet_MCU-LED-Driver/SCL0)
    (add_net /Sheet_MCU-LED-Driver/SDA0)
    (add_net /Sheet_MCU-LED-Driver/SWCLK)
    (add_net /Sheet_MCU-LED-Driver/SWDIO)
    (add_net GND)
    (add_net "Net-(C16-Pad1)")
    (add_net "Net-(C17-Pad1)")
    (add_net "Net-(C2-Pad1)")
    (add_net "Net-(C4-Pad1)")
    (add_net "Net-(C8-Pad1)")
    (add_net "Net-(C8-Pad2)")
    (add_net "Net-(D1-Pad2)")
    (add_net "Net-(D2-Pad3)")
    (add_net "Net-(D2-Pad4)")
    (add_net "Net-(D3-Pad1)")
    (add_net "Net-(D4-Pad1)")
    (add_net "Net-(D4-Pad2)")
    (add_net "Net-(D5-Pad1)")
    (add_net "Net-(D5-Pad2)")
    (add_net "Net-(D6-Pad1)")
    (add_net "Net-(D6-Pad2)")
    (add_net "Net-(D7-Pad1)")
    (add_net "Net-(D7-Pad2)")
    (add_net "Net-(D8-Pad2)")
    (add_net "Net-(DA1-Pad1)")
    (add_net "Net-(DA2-Pad1)")
    (add_net "Net-(DA3-Pad1)")
    (add_net "Net-(DB1-Pad1)")
    (add_net "Net-(DB2-Pad1)")
    (add_net "Net-(DB3-Pad1)")
    (add_net "Net-(DC1-Pad1)")
    (add_net "Net-(DC2-Pad1)")
    (add_net "Net-(DC3-Pad1)")
    (add_net "Net-(DD1-Pad1)")
    (add_net "Net-(DD2-Pad1)")
    (add_net "Net-(DD3-Pad1)")
    (add_net "Net-(DE1-Pad1)")
    (add_net "Net-(DE2-Pad1)")
    (add_net "Net-(DE3-Pad1)")
    (add_net "Net-(DF1-Pad1)")
    (add_net "Net-(DF2-Pad1)")
    (add_net "Net-(DF3-Pad1)")
    (add_net "Net-(F1-Pad2)")
    (add_net "Net-(J1-Pad2)")
    (add_net "Net-(J1-Pad3)")
    (add_net "Net-(J1-Pad4)")
    (add_net "Net-(R12-Pad1)")
    (add_net "Net-(R14-Pad2)")
    (add_net "Net-(R16-Pad2)")
    (add_net "Net-(R19-Pad2)")
    (add_net "Net-(R2-Pad1)")
    (add_net "Net-(R20-Pad2)")
    (add_net "Net-(R25-Pad2)")
    (add_net "Net-(R3-Pad1)")
    (add_net "Net-(R4-Pad2)")
    (add_net "Net-(R5-Pad1)")
    (add_net "Net-(R8-Pad1)")
    (add_net "Net-(SW2-Pad1)")
    (add_net "Net-(SW3-Pad1)")
    (add_net "Net-(SW5-Pad2)")
    (add_net "Net-(U5-Pad1)")
    (add_net "Net-(U5-Pad3)")
    (add_net "Net-(U6-Pad2)")
    (add_net USBDM)
    (add_net USBDP)
  )

  (module "my-footprints:LED_0606 (Dual - 0603x2)" (layer F.Cu) (tedit 5B37E645) (tstamp 5B3C19AC)
    (at 67.475 111.025 90)
    (path /5B33D5BE/5B340346)
    (fp_text reference D2 (at 14.15 -7.75 90) (layer F.Fab) hide
      (effects (font (size 1 1) (thickness 0.15)))
    )
    (fp_text value LED_GREEN1_RED2 (at -6.6 -9.4 90) (layer F.Fab) hide
      (effects (font (size 1 1) (thickness 0.15)))
    )
    (fp_line (start 0.75 -1.1) (end 0.75 -1.1) (layer F.SilkS) (width 0.1))
    (fp_line (start -0.15 -0.15) (end -0.4 0.15) (layer F.SilkS) (width 0.1))
    (fp_line (start -0.7 -0.15) (end -0.15 -0.15) (layer F.SilkS) (width 0.1))
    (fp_line (start 0.15 -0.15) (end 0.4 0.15) (layer F.SilkS) (width 0.1))
    (fp_line (start 0.7 -0.15) (end 0.45 0.15) (layer F.SilkS) (width 0.1))
    (fp_line (start 0.15 -0.15) (end 0.7 -0.15) (layer F.SilkS) (width 0.1))
    (fp_line (start -0.7 -0.15) (end -0.45 0.15) (layer F.SilkS) (width 0.1))
    (fp_line (start -0.85 1.2) (end -0.85 -1.2) (layer F.CrtYd) (width 0.1))
    (fp_line (start 0.85 1.2) (end -0.85 1.2) (layer F.CrtYd) (width 0.1))
    (fp_line (start 0.85 -1.2) (end 0.85 1.2) (layer F.CrtYd) (width 0.1))
    (fp_line (start -0.85 -1.2) (end 0.85 -1.2) (layer F.CrtYd) (width 0.1))
    (pad 2 smd rect (at -0.425 -0.625 90) (size 0.65 0.85) (layers F.Cu F.Paste F.Mask)
      (net 3 "Net-(C2-Pad1)") (zone_connect 0))
    (pad 4 smd rect (at -0.425 0.625 90) (size 0.65 0.85) (layers F.Cu F.Paste F.Mask)
      (net 14 "Net-(D2-Pad4)") (zone_connect 0))
    (pad 3 smd rect (at 0.425 0.625 90) (size 0.65 0.85) (layers F.Cu F.Paste F.Mask)
      (net 13 "Net-(D2-Pad3)") (zone_connect 0))
    (pad 1 smd rect (at 0.425 -0.625 90) (size 0.65 0.85) (layers F.Cu F.Paste F.Mask)
      (net 3 "Net-(C2-Pad1)") (zone_connect 0))
  )

  (module Capacitors_SMD:C_0805 (layer F.Cu) (tedit 5B38086B) (tstamp 5B3C1871)
    (at 56.85 120.8 270)
    (descr "Capacitor SMD 0805, reflow soldering, AVX (see smccp.pdf)")
    (tags "capacitor 0805")
    (path /5B33D5BE/5B47D762)
    (attr smd)
    (fp_text reference C1 (at 0 -1.5 270) (layer F.SilkS) hide
      (effects (font (size 1 1) (thickness 0.15)))
    )
    (fp_text value 10n (at 2.4 -0.15 180) (layer F.SilkS)
      (effects (font (size 0.7 0.7) (thickness 0.1)))
    )
    (fp_line (start 1.75 0.87) (end -1.75 0.87) (layer F.CrtYd) (width 0.05))
    (fp_line (start 1.75 0.87) (end 1.75 -0.88) (layer F.CrtYd) (width 0.05))
    (fp_line (start -1.75 -0.88) (end -1.75 0.87) (layer F.CrtYd) (width 0.05))
    (fp_line (start -1.75 -0.88) (end 1.75 -0.88) (layer F.CrtYd) (width 0.05))
    (fp_line (start -0.5 0.85) (end 0.5 0.85) (layer F.SilkS) (width 0.12))
    (fp_line (start 0.5 -0.85) (end -0.5 -0.85) (layer F.SilkS) (width 0.12))
    (fp_line (start -1 -0.62) (end 1 -0.62) (layer F.Fab) (width 0.1))
    (fp_line (start 1 -0.62) (end 1 0.62) (layer F.Fab) (width 0.1))
    (fp_line (start 1 0.62) (end -1 0.62) (layer F.Fab) (width 0.1))
    (fp_line (start -1 0.62) (end -1 -0.62) (layer F.Fab) (width 0.1))
    (fp_text user %R (at 0 -1.5 270) (layer F.Fab) hide
      (effects (font (size 1 1) (thickness 0.15)))
    )
    (pad 2 smd rect (at 1 0 270) (size 1 1.25) (layers F.Cu F.Paste F.Mask)
      (net 1 GND))
    (pad 1 smd rect (at -1 0 270) (size 1 1.25) (layers F.Cu F.Paste F.Mask)
      (net 2 /SheetPower/VUSB))
    (model Capacitors_SMD.3dshapes/C_0805.wrl
      (at (xyz 0 0 0))
      (scale (xyz 1 1 1))
      (rotate (xyz 0 0 0))
    )
  )

  (module Capacitors_SMD:C_0805 (layer F.Cu) (tedit 5B380863) (tstamp 5B3C1882)
    (at 59.7 120.8 270)
    (descr "Capacitor SMD 0805, reflow soldering, AVX (see smccp.pdf)")
    (tags "capacitor 0805")
    (path /5B33D5BE/5B47D7EE)
    (attr smd)
    (fp_text reference C2 (at 0 -1.5 270) (layer F.SilkS) hide
      (effects (font (size 1 1) (thickness 0.15)))
    )
    (fp_text value 100n (at 2.4 -0.05 180) (layer F.SilkS)
      (effects (font (size 0.7 0.7) (thickness 0.1)))
    )
    (fp_text user %R (at 0 -1.5 270) (layer F.Fab) hide
      (effects (font (size 1 1) (thickness 0.15)))
    )
    (fp_line (start -1 0.62) (end -1 -0.62) (layer F.Fab) (width 0.1))
    (fp_line (start 1 0.62) (end -1 0.62) (layer F.Fab) (width 0.1))
    (fp_line (start 1 -0.62) (end 1 0.62) (layer F.Fab) (width 0.1))
    (fp_line (start -1 -0.62) (end 1 -0.62) (layer F.Fab) (width 0.1))
    (fp_line (start 0.5 -0.85) (end -0.5 -0.85) (layer F.SilkS) (width 0.12))
    (fp_line (start -0.5 0.85) (end 0.5 0.85) (layer F.SilkS) (width 0.12))
    (fp_line (start -1.75 -0.88) (end 1.75 -0.88) (layer F.CrtYd) (width 0.05))
    (fp_line (start -1.75 -0.88) (end -1.75 0.87) (layer F.CrtYd) (width 0.05))
    (fp_line (start 1.75 0.87) (end 1.75 -0.88) (layer F.CrtYd) (width 0.05))
    (fp_line (start 1.75 0.87) (end -1.75 0.87) (layer F.CrtYd) (width 0.05))
    (pad 1 smd rect (at -1 0 270) (size 1 1.25) (layers F.Cu F.Paste F.Mask)
      (net 3 "Net-(C2-Pad1)"))
    (pad 2 smd rect (at 1 0 270) (size 1 1.25) (layers F.Cu F.Paste F.Mask)
      (net 1 GND))
    (model Capacitors_SMD.3dshapes/C_0805.wrl
      (at (xyz 0 0 0))
      (scale (xyz 1 1 1))
      (rotate (xyz 0 0 0))
    )
  )

  (module Capacitors_SMD:C_0805 (layer F.Cu) (tedit 5B380852) (tstamp 5B3C1893)
    (at 62.65 120.6 270)
    (descr "Capacitor SMD 0805, reflow soldering, AVX (see smccp.pdf)")
    (tags "capacitor 0805")
    (path /5B33D5BE/5B47D862)
    (attr smd)
    (fp_text reference C3 (at 0 -1.5 270) (layer F.SilkS) hide
      (effects (font (size 1 1) (thickness 0.15)))
    )
    (fp_text value 4.7u (at 2.6 -0.05) (layer F.SilkS)
      (effects (font (size 0.7 0.7) (thickness 0.1)))
    )
    (fp_text user %R (at 0 -1.5 270) (layer F.Fab) hide
      (effects (font (size 1 1) (thickness 0.15)))
    )
    (fp_line (start -1 0.62) (end -1 -0.62) (layer F.Fab) (width 0.1))
    (fp_line (start 1 0.62) (end -1 0.62) (layer F.Fab) (width 0.1))
    (fp_line (start 1 -0.62) (end 1 0.62) (layer F.Fab) (width 0.1))
    (fp_line (start -1 -0.62) (end 1 -0.62) (layer F.Fab) (width 0.1))
    (fp_line (start 0.5 -0.85) (end -0.5 -0.85) (layer F.SilkS) (width 0.12))
    (fp_line (start -0.5 0.85) (end 0.5 0.85) (layer F.SilkS) (width 0.12))
    (fp_line (start -1.75 -0.88) (end 1.75 -0.88) (layer F.CrtYd) (width 0.05))
    (fp_line (start -1.75 -0.88) (end -1.75 0.87) (layer F.CrtYd) (width 0.05))
    (fp_line (start 1.75 0.87) (end 1.75 -0.88) (layer F.CrtYd) (width 0.05))
    (fp_line (start 1.75 0.87) (end -1.75 0.87) (layer F.CrtYd) (width 0.05))
    (pad 1 smd rect (at -1 0 270) (size 1 1.25) (layers F.Cu F.Paste F.Mask)
      (net 3 "Net-(C2-Pad1)"))
    (pad 2 smd rect (at 1 0 270) (size 1 1.25) (layers F.Cu F.Paste F.Mask)
      (net 1 GND))
    (model Capacitors_SMD.3dshapes/C_0805.wrl
      (at (xyz 0 0 0))
      (scale (xyz 1 1 1))
      (rotate (xyz 0 0 0))
    )
  )

  (module Capacitors_SMD:C_0805 (layer F.Cu) (tedit 5B38073F) (tstamp 5B3C18A4)
    (at 83 144.1 270)
    (descr "Capacitor SMD 0805, reflow soldering, AVX (see smccp.pdf)")
    (tags "capacitor 0805")
    (path /5B33D5BE/5B340F41)
    (attr smd)
    (fp_text reference C4 (at 0 -1.5 270) (layer F.SilkS) hide
      (effects (font (size 1 1) (thickness 0.15)))
    )
    (fp_text value 22u (at 0 1.5 270) (layer F.SilkS)
      (effects (font (size 0.7 0.7) (thickness 0.1)))
    )
    (fp_line (start 1.75 0.87) (end -1.75 0.87) (layer F.CrtYd) (width 0.05))
    (fp_line (start 1.75 0.87) (end 1.75 -0.88) (layer F.CrtYd) (width 0.05))
    (fp_line (start -1.75 -0.88) (end -1.75 0.87) (layer F.CrtYd) (width 0.05))
    (fp_line (start -1.75 -0.88) (end 1.75 -0.88) (layer F.CrtYd) (width 0.05))
    (fp_line (start -0.5 0.85) (end 0.5 0.85) (layer F.SilkS) (width 0.12))
    (fp_line (start 0.5 -0.85) (end -0.5 -0.85) (layer F.SilkS) (width 0.12))
    (fp_line (start -1 -0.62) (end 1 -0.62) (layer F.Fab) (width 0.1))
    (fp_line (start 1 -0.62) (end 1 0.62) (layer F.Fab) (width 0.1))
    (fp_line (start 1 0.62) (end -1 0.62) (layer F.Fab) (width 0.1))
    (fp_line (start -1 0.62) (end -1 -0.62) (layer F.Fab) (width 0.1))
    (fp_text user %R (at 0 -1.5 270) (layer F.Fab) hide
      (effects (font (size 1 1) (thickness 0.15)))
    )
    (pad 2 smd rect (at 1 0 270) (size 1 1.25) (layers F.Cu F.Paste F.Mask)
      (net 1 GND))
    (pad 1 smd rect (at -1 0 270) (size 1 1.25) (layers F.Cu F.Paste F.Mask)
      (net 4 "Net-(C4-Pad1)"))
    (model Capacitors_SMD.3dshapes/C_0805.wrl
      (at (xyz 0 0 0))
      (scale (xyz 1 1 1))
      (rotate (xyz 0 0 0))
    )
  )

  (module Capacitors_SMD:C_0805 (layer F.Cu) (tedit 5B380733) (tstamp 5B3C18B5)
    (at 98.35 144.05 270)
    (descr "Capacitor SMD 0805, reflow soldering, AVX (see smccp.pdf)")
    (tags "capacitor 0805")
    (path /5B33D5BE/5B340EAB)
    (attr smd)
    (fp_text reference C5 (at 0 -1.5 270) (layer F.SilkS) hide
      (effects (font (size 1 1) (thickness 0.15)))
    )
    (fp_text value 22u (at 0.05 -1.55 270) (layer F.SilkS)
      (effects (font (size 0.7 0.7) (thickness 0.1)))
    )
    (fp_text user %R (at 0 -1.5 270) (layer F.Fab) hide
      (effects (font (size 1 1) (thickness 0.15)))
    )
    (fp_line (start -1 0.62) (end -1 -0.62) (layer F.Fab) (width 0.1))
    (fp_line (start 1 0.62) (end -1 0.62) (layer F.Fab) (width 0.1))
    (fp_line (start 1 -0.62) (end 1 0.62) (layer F.Fab) (width 0.1))
    (fp_line (start -1 -0.62) (end 1 -0.62) (layer F.Fab) (width 0.1))
    (fp_line (start 0.5 -0.85) (end -0.5 -0.85) (layer F.SilkS) (width 0.12))
    (fp_line (start -0.5 0.85) (end 0.5 0.85) (layer F.SilkS) (width 0.12))
    (fp_line (start -1.75 -0.88) (end 1.75 -0.88) (layer F.CrtYd) (width 0.05))
    (fp_line (start -1.75 -0.88) (end -1.75 0.87) (layer F.CrtYd) (width 0.05))
    (fp_line (start 1.75 0.87) (end 1.75 -0.88) (layer F.CrtYd) (width 0.05))
    (fp_line (start 1.75 0.87) (end -1.75 0.87) (layer F.CrtYd) (width 0.05))
    (pad 1 smd rect (at -1 0 270) (size 1 1.25) (layers F.Cu F.Paste F.Mask)
      (net 5 +5V))
    (pad 2 smd rect (at 1 0 270) (size 1 1.25) (layers F.Cu F.Paste F.Mask)
      (net 1 GND))
    (model Capacitors_SMD.3dshapes/C_0805.wrl
      (at (xyz 0 0 0))
      (scale (xyz 1 1 1))
      (rotate (xyz 0 0 0))
    )
  )

  (module Capacitors_SMD:C_0805 (layer F.Cu) (tedit 5B380800) (tstamp 5B3C18C6)
    (at 57.35 137.5 180)
    (descr "Capacitor SMD 0805, reflow soldering, AVX (see smccp.pdf)")
    (tags "capacitor 0805")
    (path /5B33D5BE/5B394E9F)
    (attr smd)
    (fp_text reference C6 (at 0 -1.5 180) (layer F.SilkS) hide
      (effects (font (size 1 1) (thickness 0.15)))
    )
    (fp_text value 33uF (at 0.05 -1.55 180) (layer F.SilkS)
      (effects (font (size 0.7 0.7) (thickness 0.1)))
    )
    (fp_text user %R (at 0 -1.5 180) (layer F.Fab) hide
      (effects (font (size 1 1) (thickness 0.15)))
    )
    (fp_line (start -1 0.62) (end -1 -0.62) (layer F.Fab) (width 0.1))
    (fp_line (start 1 0.62) (end -1 0.62) (layer F.Fab) (width 0.1))
    (fp_line (start 1 -0.62) (end 1 0.62) (layer F.Fab) (width 0.1))
    (fp_line (start -1 -0.62) (end 1 -0.62) (layer F.Fab) (width 0.1))
    (fp_line (start 0.5 -0.85) (end -0.5 -0.85) (layer F.SilkS) (width 0.12))
    (fp_line (start -0.5 0.85) (end 0.5 0.85) (layer F.SilkS) (width 0.12))
    (fp_line (start -1.75 -0.88) (end 1.75 -0.88) (layer F.CrtYd) (width 0.05))
    (fp_line (start -1.75 -0.88) (end -1.75 0.87) (layer F.CrtYd) (width 0.05))
    (fp_line (start 1.75 0.87) (end 1.75 -0.88) (layer F.CrtYd) (width 0.05))
    (fp_line (start 1.75 0.87) (end -1.75 0.87) (layer F.CrtYd) (width 0.05))
    (pad 1 smd rect (at -1 0 180) (size 1 1.25) (layers F.Cu F.Paste F.Mask)
      (net 5 +5V))
    (pad 2 smd rect (at 1 0 180) (size 1 1.25) (layers F.Cu F.Paste F.Mask)
      (net 1 GND))
    (model Capacitors_SMD.3dshapes/C_0805.wrl
      (at (xyz 0 0 0))
      (scale (xyz 1 1 1))
      (rotate (xyz 0 0 0))
    )
  )

  (module Capacitors_SMD:C_0805 (layer F.Cu) (tedit 5B38080B) (tstamp 5B3C18D7)
    (at 51.5 131.5 270)
    (descr "Capacitor SMD 0805, reflow soldering, AVX (see smccp.pdf)")
    (tags "capacitor 0805")
    (path /5B33D5BE/5B394F39)
    (attr smd)
    (fp_text reference C7 (at 0 -1.5 270) (layer F.SilkS) hide
      (effects (font (size 1 1) (thickness 0.15)))
    )
    (fp_text value 33uF (at 0 1.45 270) (layer F.SilkS)
      (effects (font (size 0.7 0.7) (thickness 0.1)))
    )
    (fp_line (start 1.75 0.87) (end -1.75 0.87) (layer F.CrtYd) (width 0.05))
    (fp_line (start 1.75 0.87) (end 1.75 -0.88) (layer F.CrtYd) (width 0.05))
    (fp_line (start -1.75 -0.88) (end -1.75 0.87) (layer F.CrtYd) (width 0.05))
    (fp_line (start -1.75 -0.88) (end 1.75 -0.88) (layer F.CrtYd) (width 0.05))
    (fp_line (start -0.5 0.85) (end 0.5 0.85) (layer F.SilkS) (width 0.12))
    (fp_line (start 0.5 -0.85) (end -0.5 -0.85) (layer F.SilkS) (width 0.12))
    (fp_line (start -1 -0.62) (end 1 -0.62) (layer F.Fab) (width 0.1))
    (fp_line (start 1 -0.62) (end 1 0.62) (layer F.Fab) (width 0.1))
    (fp_line (start 1 0.62) (end -1 0.62) (layer F.Fab) (width 0.1))
    (fp_line (start -1 0.62) (end -1 -0.62) (layer F.Fab) (width 0.1))
    (fp_text user %R (at 0 -1.5 270) (layer F.Fab) hide
      (effects (font (size 1 1) (thickness 0.15)))
    )
    (pad 2 smd rect (at 1 0 270) (size 1 1.25) (layers F.Cu F.Paste F.Mask)
      (net 1 GND))
    (pad 1 smd rect (at -1 0 270) (size 1 1.25) (layers F.Cu F.Paste F.Mask)
      (net 6 +3V3))
    (model Capacitors_SMD.3dshapes/C_0805.wrl
      (at (xyz 0 0 0))
      (scale (xyz 1 1 1))
      (rotate (xyz 0 0 0))
    )
  )

  (module Capacitors_SMD:C_0805 (layer F.Cu) (tedit 5B380786) (tstamp 5B3C18E8)
    (at 87.8 121.55 270)
    (descr "Capacitor SMD 0805, reflow soldering, AVX (see smccp.pdf)")
    (tags "capacitor 0805")
    (path /5B33D5BE/5B3452F4)
    (attr smd)
    (fp_text reference C8 (at 0 -1.5 270) (layer F.SilkS) hide
      (effects (font (size 1 1) (thickness 0.15)))
    )
    (fp_text value 100n (at 0.05 1.5 270) (layer F.SilkS)
      (effects (font (size 0.7 0.7) (thickness 0.1)))
    )
    (fp_text user %R (at 0 -1.5 270) (layer F.Fab) hide
      (effects (font (size 1 1) (thickness 0.15)))
    )
    (fp_line (start -1 0.62) (end -1 -0.62) (layer F.Fab) (width 0.1))
    (fp_line (start 1 0.62) (end -1 0.62) (layer F.Fab) (width 0.1))
    (fp_line (start 1 -0.62) (end 1 0.62) (layer F.Fab) (width 0.1))
    (fp_line (start -1 -0.62) (end 1 -0.62) (layer F.Fab) (width 0.1))
    (fp_line (start 0.5 -0.85) (end -0.5 -0.85) (layer F.SilkS) (width 0.12))
    (fp_line (start -0.5 0.85) (end 0.5 0.85) (layer F.SilkS) (width 0.12))
    (fp_line (start -1.75 -0.88) (end 1.75 -0.88) (layer F.CrtYd) (width 0.05))
    (fp_line (start -1.75 -0.88) (end -1.75 0.87) (layer F.CrtYd) (width 0.05))
    (fp_line (start 1.75 0.87) (end 1.75 -0.88) (layer F.CrtYd) (width 0.05))
    (fp_line (start 1.75 0.87) (end -1.75 0.87) (layer F.CrtYd) (width 0.05))
    (pad 1 smd rect (at -1 0 270) (size 1 1.25) (layers F.Cu F.Paste F.Mask)
      (net 7 "Net-(C8-Pad1)"))
    (pad 2 smd rect (at 1 0 270) (size 1 1.25) (layers F.Cu F.Paste F.Mask)
      (net 8 "Net-(C8-Pad2)"))
    (model Capacitors_SMD.3dshapes/C_0805.wrl
      (at (xyz 0 0 0))
      (scale (xyz 1 1 1))
      (rotate (xyz 0 0 0))
    )
  )

  (module Capacitors_SMD:C_0805 (layer F.Cu) (tedit 5B3808E3) (tstamp 5B3C18F9)
    (at 47.7 94.55 270)
    (descr "Capacitor SMD 0805, reflow soldering, AVX (see smccp.pdf)")
    (tags "capacitor 0805")
    (path /5B33D5D4/5B3977E6)
    (attr smd)
    (fp_text reference C9 (at 0 -1.5 270) (layer F.SilkS) hide
      (effects (font (size 1 1) (thickness 0.15)))
    )
    (fp_text value 100nF (at 3.316667 0 270) (layer F.SilkS)
      (effects (font (size 0.7 0.7) (thickness 0.1)))
    )
    (fp_line (start 1.75 0.87) (end -1.75 0.87) (layer F.CrtYd) (width 0.05))
    (fp_line (start 1.75 0.87) (end 1.75 -0.88) (layer F.CrtYd) (width 0.05))
    (fp_line (start -1.75 -0.88) (end -1.75 0.87) (layer F.CrtYd) (width 0.05))
    (fp_line (start -1.75 -0.88) (end 1.75 -0.88) (layer F.CrtYd) (width 0.05))
    (fp_line (start -0.5 0.85) (end 0.5 0.85) (layer F.SilkS) (width 0.12))
    (fp_line (start 0.5 -0.85) (end -0.5 -0.85) (layer F.SilkS) (width 0.12))
    (fp_line (start -1 -0.62) (end 1 -0.62) (layer F.Fab) (width 0.1))
    (fp_line (start 1 -0.62) (end 1 0.62) (layer F.Fab) (width 0.1))
    (fp_line (start 1 0.62) (end -1 0.62) (layer F.Fab) (width 0.1))
    (fp_line (start -1 0.62) (end -1 -0.62) (layer F.Fab) (width 0.1))
    (fp_text user %R (at 0 -0.05 270) (layer F.Fab) hide
      (effects (font (size 1 1) (thickness 0.15)))
    )
    (pad 2 smd rect (at 1 0 270) (size 1 1.25) (layers F.Cu F.Paste F.Mask)
      (net 1 GND))
    (pad 1 smd rect (at -1 0 270) (size 1 1.25) (layers F.Cu F.Paste F.Mask)
      (net 6 +3V3))
    (model Capacitors_SMD.3dshapes/C_0805.wrl
      (at (xyz 0 0 0))
      (scale (xyz 1 1 1))
      (rotate (xyz 0 0 0))
    )
  )

  (module Capacitors_SMD:C_0805 (layer F.Cu) (tedit 5B3808F6) (tstamp 5B3C190A)
    (at 53.55 94.45 270)
    (descr "Capacitor SMD 0805, reflow soldering, AVX (see smccp.pdf)")
    (tags "capacitor 0805")
    (path /5B33D5D4/5B392F81)
    (attr smd)
    (fp_text reference C10 (at 0 -1.5 270) (layer F.SilkS) hide
      (effects (font (size 1 1) (thickness 0.15)))
    )
    (fp_text value 4.7uF (at 3.25 -0.05 270) (layer F.SilkS)
      (effects (font (size 0.7 0.7) (thickness 0.1)))
    )
    (fp_line (start 1.75 0.87) (end -1.75 0.87) (layer F.CrtYd) (width 0.05))
    (fp_line (start 1.75 0.87) (end 1.75 -0.88) (layer F.CrtYd) (width 0.05))
    (fp_line (start -1.75 -0.88) (end -1.75 0.87) (layer F.CrtYd) (width 0.05))
    (fp_line (start -1.75 -0.88) (end 1.75 -0.88) (layer F.CrtYd) (width 0.05))
    (fp_line (start -0.5 0.85) (end 0.5 0.85) (layer F.SilkS) (width 0.12))
    (fp_line (start 0.5 -0.85) (end -0.5 -0.85) (layer F.SilkS) (width 0.12))
    (fp_line (start -1 -0.62) (end 1 -0.62) (layer F.Fab) (width 0.1))
    (fp_line (start 1 -0.62) (end 1 0.62) (layer F.Fab) (width 0.1))
    (fp_line (start 1 0.62) (end -1 0.62) (layer F.Fab) (width 0.1))
    (fp_line (start -1 0.62) (end -1 -0.62) (layer F.Fab) (width 0.1))
    (fp_text user %R (at -0.05 0 270) (layer F.Fab) hide
      (effects (font (size 1 1) (thickness 0.15)))
    )
    (pad 2 smd rect (at 1 0 270) (size 1 1.25) (layers F.Cu F.Paste F.Mask)
      (net 1 GND))
    (pad 1 smd rect (at -1 0 270) (size 1 1.25) (layers F.Cu F.Paste F.Mask)
      (net 6 +3V3))
    (model Capacitors_SMD.3dshapes/C_0805.wrl
      (at (xyz 0 0 0))
      (scale (xyz 1 1 1))
      (rotate (xyz 0 0 0))
    )
  )

  (module Capacitors_SMD:C_0805 (layer F.Cu) (tedit 5B3808EA) (tstamp 5B3C191B)
    (at 49.65 94.45 270)
    (descr "Capacitor SMD 0805, reflow soldering, AVX (see smccp.pdf)")
    (tags "capacitor 0805")
    (path /5B33D5D4/5B3C2EB4)
    (attr smd)
    (fp_text reference C11 (at 0 -1.5 270) (layer F.SilkS) hide
      (effects (font (size 1 1) (thickness 0.15)))
    )
    (fp_text value 10nF (at 3.083334 -0.05 270) (layer F.SilkS)
      (effects (font (size 0.7 0.7) (thickness 0.1)))
    )
    (fp_line (start 1.75 0.87) (end -1.75 0.87) (layer F.CrtYd) (width 0.05))
    (fp_line (start 1.75 0.87) (end 1.75 -0.88) (layer F.CrtYd) (width 0.05))
    (fp_line (start -1.75 -0.88) (end -1.75 0.87) (layer F.CrtYd) (width 0.05))
    (fp_line (start -1.75 -0.88) (end 1.75 -0.88) (layer F.CrtYd) (width 0.05))
    (fp_line (start -0.5 0.85) (end 0.5 0.85) (layer F.SilkS) (width 0.12))
    (fp_line (start 0.5 -0.85) (end -0.5 -0.85) (layer F.SilkS) (width 0.12))
    (fp_line (start -1 -0.62) (end 1 -0.62) (layer F.Fab) (width 0.1))
    (fp_line (start 1 -0.62) (end 1 0.62) (layer F.Fab) (width 0.1))
    (fp_line (start 1 0.62) (end -1 0.62) (layer F.Fab) (width 0.1))
    (fp_line (start -1 0.62) (end -1 -0.62) (layer F.Fab) (width 0.1))
    (fp_text user %R (at -0.05 -0.05 270) (layer F.Fab) hide
      (effects (font (size 1 1) (thickness 0.15)))
    )
    (pad 2 smd rect (at 1 0 270) (size 1 1.25) (layers F.Cu F.Paste F.Mask)
      (net 1 GND))
    (pad 1 smd rect (at -1 0 270) (size 1 1.25) (layers F.Cu F.Paste F.Mask)
      (net 6 +3V3))
    (model Capacitors_SMD.3dshapes/C_0805.wrl
      (at (xyz 0 0 0))
      (scale (xyz 1 1 1))
      (rotate (xyz 0 0 0))
    )
  )

  (module Capacitors_SMD:C_0805 (layer F.Cu) (tedit 5B3808F0) (tstamp 5B3C192C)
    (at 51.65 94.45 270)
    (descr "Capacitor SMD 0805, reflow soldering, AVX (see smccp.pdf)")
    (tags "capacitor 0805")
    (path /5B33D5D4/5B3C2F48)
    (attr smd)
    (fp_text reference C12 (at 0 -1.5 270) (layer F.SilkS) hide
      (effects (font (size 1 1) (thickness 0.15)))
    )
    (fp_text value 1uF (at 2.75 0 270) (layer F.SilkS)
      (effects (font (size 0.7 0.7) (thickness 0.1)))
    )
    (fp_line (start 1.75 0.87) (end -1.75 0.87) (layer F.CrtYd) (width 0.05))
    (fp_line (start 1.75 0.87) (end 1.75 -0.88) (layer F.CrtYd) (width 0.05))
    (fp_line (start -1.75 -0.88) (end -1.75 0.87) (layer F.CrtYd) (width 0.05))
    (fp_line (start -1.75 -0.88) (end 1.75 -0.88) (layer F.CrtYd) (width 0.05))
    (fp_line (start -0.5 0.85) (end 0.5 0.85) (layer F.SilkS) (width 0.12))
    (fp_line (start 0.5 -0.85) (end -0.5 -0.85) (layer F.SilkS) (width 0.12))
    (fp_line (start -1 -0.62) (end 1 -0.62) (layer F.Fab) (width 0.1))
    (fp_line (start 1 -0.62) (end 1 0.62) (layer F.Fab) (width 0.1))
    (fp_line (start 1 0.62) (end -1 0.62) (layer F.Fab) (width 0.1))
    (fp_line (start -1 0.62) (end -1 -0.62) (layer F.Fab) (width 0.1))
    (fp_text user %R (at -0.05 -0.15 270) (layer F.Fab) hide
      (effects (font (size 1 1) (thickness 0.15)))
    )
    (pad 2 smd rect (at 1 0 270) (size 1 1.25) (layers F.Cu F.Paste F.Mask)
      (net 1 GND))
    (pad 1 smd rect (at -1 0 270) (size 1 1.25) (layers F.Cu F.Paste F.Mask)
      (net 6 +3V3))
    (model Capacitors_SMD.3dshapes/C_0805.wrl
      (at (xyz 0 0 0))
      (scale (xyz 1 1 1))
      (rotate (xyz 0 0 0))
    )
  )

  (module Capacitors_SMD:C_0805 (layer F.Cu) (tedit 5B380A6C) (tstamp 5B3C193D)
    (at 36.6 68.6)
    (descr "Capacitor SMD 0805, reflow soldering, AVX (see smccp.pdf)")
    (tags "capacitor 0805")
    (path /5B33D5D4/5B3BA212)
    (attr smd)
    (fp_text reference C13 (at 0 -1.5) (layer F.SilkS) hide
      (effects (font (size 1 1) (thickness 0.15)))
    )
    (fp_text value 100nF (at 0.1 1.5) (layer F.SilkS)
      (effects (font (size 0.7 0.7) (thickness 0.1)))
    )
    (fp_text user %R (at 0 -1.5) (layer F.Fab) hide
      (effects (font (size 1 1) (thickness 0.15)))
    )
    (fp_line (start -1 0.62) (end -1 -0.62) (layer F.Fab) (width 0.1))
    (fp_line (start 1 0.62) (end -1 0.62) (layer F.Fab) (width 0.1))
    (fp_line (start 1 -0.62) (end 1 0.62) (layer F.Fab) (width 0.1))
    (fp_line (start -1 -0.62) (end 1 -0.62) (layer F.Fab) (width 0.1))
    (fp_line (start 0.5 -0.85) (end -0.5 -0.85) (layer F.SilkS) (width 0.12))
    (fp_line (start -0.5 0.85) (end 0.5 0.85) (layer F.SilkS) (width 0.12))
    (fp_line (start -1.75 -0.88) (end 1.75 -0.88) (layer F.CrtYd) (width 0.05))
    (fp_line (start -1.75 -0.88) (end -1.75 0.87) (layer F.CrtYd) (width 0.05))
    (fp_line (start 1.75 0.87) (end 1.75 -0.88) (layer F.CrtYd) (width 0.05))
    (fp_line (start 1.75 0.87) (end -1.75 0.87) (layer F.CrtYd) (width 0.05))
    (pad 1 smd rect (at -1 0) (size 1 1.25) (layers F.Cu F.Paste F.Mask)
      (net 9 /Sheet_MCU-LED-Driver/RESET))
    (pad 2 smd rect (at 1 0) (size 1 1.25) (layers F.Cu F.Paste F.Mask)
      (net 1 GND))
    (model Capacitors_SMD.3dshapes/C_0805.wrl
      (at (xyz 0 0 0))
      (scale (xyz 1 1 1))
      (rotate (xyz 0 0 0))
    )
  )

  (module Capacitors_SMD:C_0805 (layer F.Cu) (tedit 5B38093D) (tstamp 5B3C194E)
    (at 68.6 78.8 270)
    (descr "Capacitor SMD 0805, reflow soldering, AVX (see smccp.pdf)")
    (tags "capacitor 0805")
    (path /5B33D5D4/5B397F4C)
    (attr smd)
    (fp_text reference C14 (at 0 -1.5 270) (layer F.SilkS) hide
      (effects (font (size 1 1) (thickness 0.15)))
    )
    (fp_text value 1uF (at 2.3 -0.15) (layer F.SilkS)
      (effects (font (size 0.7 0.7) (thickness 0.1)))
    )
    (fp_text user %R (at 0.15 -0.1) (layer F.Fab) hide
      (effects (font (size 1 1) (thickness 0.15)))
    )
    (fp_line (start -1 0.62) (end -1 -0.62) (layer F.Fab) (width 0.1))
    (fp_line (start 1 0.62) (end -1 0.62) (layer F.Fab) (width 0.1))
    (fp_line (start 1 -0.62) (end 1 0.62) (layer F.Fab) (width 0.1))
    (fp_line (start -1 -0.62) (end 1 -0.62) (layer F.Fab) (width 0.1))
    (fp_line (start 0.5 -0.85) (end -0.5 -0.85) (layer F.SilkS) (width 0.12))
    (fp_line (start -0.5 0.85) (end 0.5 0.85) (layer F.SilkS) (width 0.12))
    (fp_line (start -1.75 -0.88) (end 1.75 -0.88) (layer F.CrtYd) (width 0.05))
    (fp_line (start -1.75 -0.88) (end -1.75 0.87) (layer F.CrtYd) (width 0.05))
    (fp_line (start 1.75 0.87) (end 1.75 -0.88) (layer F.CrtYd) (width 0.05))
    (fp_line (start 1.75 0.87) (end -1.75 0.87) (layer F.CrtYd) (width 0.05))
    (pad 1 smd rect (at -1 0 270) (size 1 1.25) (layers F.Cu F.Paste F.Mask)
      (net 5 +5V))
    (pad 2 smd rect (at 1 0 270) (size 1 1.25) (layers F.Cu F.Paste F.Mask)
      (net 1 GND))
    (model Capacitors_SMD.3dshapes/C_0805.wrl
      (at (xyz 0 0 0))
      (scale (xyz 1 1 1))
      (rotate (xyz 0 0 0))
    )
  )

  (module Capacitors_SMD:C_0805 (layer F.Cu) (tedit 5B380940) (tstamp 5B3C195F)
    (at 71.1 78.8 270)
    (descr "Capacitor SMD 0805, reflow soldering, AVX (see smccp.pdf)")
    (tags "capacitor 0805")
    (path /5B33D5D4/5B397E96)
    (attr smd)
    (fp_text reference C15 (at 0 -1.5 270) (layer F.SilkS) hide
      (effects (font (size 1 1) (thickness 0.15)))
    )
    (fp_text value 100nF (at 2.4 -0.05 180) (layer F.SilkS)
      (effects (font (size 0.7 0.7) (thickness 0.1)))
    )
    (fp_line (start 1.75 0.87) (end -1.75 0.87) (layer F.CrtYd) (width 0.05))
    (fp_line (start 1.75 0.87) (end 1.75 -0.88) (layer F.CrtYd) (width 0.05))
    (fp_line (start -1.75 -0.88) (end -1.75 0.87) (layer F.CrtYd) (width 0.05))
    (fp_line (start -1.75 -0.88) (end 1.75 -0.88) (layer F.CrtYd) (width 0.05))
    (fp_line (start -0.5 0.85) (end 0.5 0.85) (layer F.SilkS) (width 0.12))
    (fp_line (start 0.5 -0.85) (end -0.5 -0.85) (layer F.SilkS) (width 0.12))
    (fp_line (start -1 -0.62) (end 1 -0.62) (layer F.Fab) (width 0.1))
    (fp_line (start 1 -0.62) (end 1 0.62) (layer F.Fab) (width 0.1))
    (fp_line (start 1 0.62) (end -1 0.62) (layer F.Fab) (width 0.1))
    (fp_line (start -1 0.62) (end -1 -0.62) (layer F.Fab) (width 0.1))
    (fp_text user %R (at 0.05 0) (layer F.Fab) hide
      (effects (font (size 1 1) (thickness 0.15)))
    )
    (pad 2 smd rect (at 1 0 270) (size 1 1.25) (layers F.Cu F.Paste F.Mask)
      (net 1 GND))
    (pad 1 smd rect (at -1 0 270) (size 1 1.25) (layers F.Cu F.Paste F.Mask)
      (net 5 +5V))
    (model Capacitors_SMD.3dshapes/C_0805.wrl
      (at (xyz 0 0 0))
      (scale (xyz 1 1 1))
      (rotate (xyz 0 0 0))
    )
  )

  (module Capacitors_SMD:C_0805 (layer F.Cu) (tedit 5B3809DD) (tstamp 5B3C1970)
    (at 87.8 27.65 180)
    (descr "Capacitor SMD 0805, reflow soldering, AVX (see smccp.pdf)")
    (tags "capacitor 0805")
    (path /5B33D5EF/5B365EC5)
    (attr smd)
    (fp_text reference C16 (at 0 -1.5 180) (layer F.SilkS) hide
      (effects (font (size 1 1) (thickness 0.15)))
    )
    (fp_text value 10uF (at 0.2 -1.45 180) (layer F.SilkS)
      (effects (font (size 0.7 0.7) (thickness 0.1)))
    )
    (fp_line (start 1.75 0.87) (end -1.75 0.87) (layer F.CrtYd) (width 0.05))
    (fp_line (start 1.75 0.87) (end 1.75 -0.88) (layer F.CrtYd) (width 0.05))
    (fp_line (start -1.75 -0.88) (end -1.75 0.87) (layer F.CrtYd) (width 0.05))
    (fp_line (start -1.75 -0.88) (end 1.75 -0.88) (layer F.CrtYd) (width 0.05))
    (fp_line (start -0.5 0.85) (end 0.5 0.85) (layer F.SilkS) (width 0.12))
    (fp_line (start 0.5 -0.85) (end -0.5 -0.85) (layer F.SilkS) (width 0.12))
    (fp_line (start -1 -0.62) (end 1 -0.62) (layer F.Fab) (width 0.1))
    (fp_line (start 1 -0.62) (end 1 0.62) (layer F.Fab) (width 0.1))
    (fp_line (start 1 0.62) (end -1 0.62) (layer F.Fab) (width 0.1))
    (fp_line (start -1 0.62) (end -1 -0.62) (layer F.Fab) (width 0.1))
    (fp_text user %R (at 0 -1.5 180) (layer F.Fab) hide
      (effects (font (size 1 1) (thickness 0.15)))
    )
    (pad 2 smd rect (at 1 0 180) (size 1 1.25) (layers F.Cu F.Paste F.Mask)
      (net 1 GND))
    (pad 1 smd rect (at -1 0 180) (size 1 1.25) (layers F.Cu F.Paste F.Mask)
      (net 10 "Net-(C16-Pad1)"))
    (model Capacitors_SMD.3dshapes/C_0805.wrl
      (at (xyz 0 0 0))
      (scale (xyz 1 1 1))
      (rotate (xyz 0 0 0))
    )
  )

  (module Capacitors_SMD:C_0805 (layer F.Cu) (tedit 5B3809D4) (tstamp 5B3C1981)
    (at 94.8 30.8)
    (descr "Capacitor SMD 0805, reflow soldering, AVX (see smccp.pdf)")
    (tags "capacitor 0805")
    (path /5B33D5EF/5B35F6FD)
    (attr smd)
    (fp_text reference C17 (at 0 -1.5) (layer F.SilkS) hide
      (effects (font (size 1 1) (thickness 0.15)))
    )
    (fp_text value 100n (at 0.2 1.5) (layer F.SilkS)
      (effects (font (size 0.7 0.7) (thickness 0.1)))
    )
    (fp_text user %R (at 0 -1.5) (layer F.Fab) hide
      (effects (font (size 1 1) (thickness 0.15)))
    )
    (fp_line (start -1 0.62) (end -1 -0.62) (layer F.Fab) (width 0.1))
    (fp_line (start 1 0.62) (end -1 0.62) (layer F.Fab) (width 0.1))
    (fp_line (start 1 -0.62) (end 1 0.62) (layer F.Fab) (width 0.1))
    (fp_line (start -1 -0.62) (end 1 -0.62) (layer F.Fab) (width 0.1))
    (fp_line (start 0.5 -0.85) (end -0.5 -0.85) (layer F.SilkS) (width 0.12))
    (fp_line (start -0.5 0.85) (end 0.5 0.85) (layer F.SilkS) (width 0.12))
    (fp_line (start -1.75 -0.88) (end 1.75 -0.88) (layer F.CrtYd) (width 0.05))
    (fp_line (start -1.75 -0.88) (end -1.75 0.87) (layer F.CrtYd) (width 0.05))
    (fp_line (start 1.75 0.87) (end 1.75 -0.88) (layer F.CrtYd) (width 0.05))
    (fp_line (start 1.75 0.87) (end -1.75 0.87) (layer F.CrtYd) (width 0.05))
    (pad 1 smd rect (at -1 0) (size 1 1.25) (layers F.Cu F.Paste F.Mask)
      (net 11 "Net-(C17-Pad1)"))
    (pad 2 smd rect (at 1 0) (size 1 1.25) (layers F.Cu F.Paste F.Mask)
      (net 1 GND))
    (model Capacitors_SMD.3dshapes/C_0805.wrl
      (at (xyz 0 0 0))
      (scale (xyz 1 1 1))
      (rotate (xyz 0 0 0))
    )
  )

  (module Diodes_SMD:D_SMA (layer F.Cu) (tedit 5B3806FF) (tstamp 5B3C1999)
    (at 96.7 138.25 180)
    (descr "Diode SMA (DO-214AC)")
    (tags "Diode SMA (DO-214AC)")
    (path /5B33D5BE/5B3411AF)
    (attr smd)
    (fp_text reference D1 (at 0 -2.5 180) (layer F.SilkS) hide
      (effects (font (size 1 1) (thickness 0.15)))
    )
    (fp_text value SS34 (at 0 2.35 180) (layer F.SilkS)
      (effects (font (size 1 1) (thickness 0.15)))
    )
    (fp_line (start -3.4 -1.65) (end 2 -1.65) (layer F.SilkS) (width 0.12))
    (fp_line (start -3.4 1.65) (end 2 1.65) (layer F.SilkS) (width 0.12))
    (fp_line (start -0.64944 0.00102) (end 0.50118 -0.79908) (layer F.Fab) (width 0.1))
    (fp_line (start -0.64944 0.00102) (end 0.50118 0.75032) (layer F.Fab) (width 0.1))
    (fp_line (start 0.50118 0.75032) (end 0.50118 -0.79908) (layer F.Fab) (width 0.1))
    (fp_line (start -0.64944 -0.79908) (end -0.64944 0.80112) (layer F.Fab) (width 0.1))
    (fp_line (start 0.50118 0.00102) (end 1.4994 0.00102) (layer F.Fab) (width 0.1))
    (fp_line (start -0.64944 0.00102) (end -1.55114 0.00102) (layer F.Fab) (width 0.1))
    (fp_line (start -3.5 1.75) (end -3.5 -1.75) (layer F.CrtYd) (width 0.05))
    (fp_line (start 3.5 1.75) (end -3.5 1.75) (layer F.CrtYd) (width 0.05))
    (fp_line (start 3.5 -1.75) (end 3.5 1.75) (layer F.CrtYd) (width 0.05))
    (fp_line (start -3.5 -1.75) (end 3.5 -1.75) (layer F.CrtYd) (width 0.05))
    (fp_line (start 2.3 -1.5) (end -2.3 -1.5) (layer F.Fab) (width 0.1))
    (fp_line (start 2.3 -1.5) (end 2.3 1.5) (layer F.Fab) (width 0.1))
    (fp_line (start -2.3 1.5) (end -2.3 -1.5) (layer F.Fab) (width 0.1))
    (fp_line (start 2.3 1.5) (end -2.3 1.5) (layer F.Fab) (width 0.1))
    (fp_line (start -3.4 -1.65) (end -3.4 1.65) (layer F.SilkS) (width 0.12))
    (fp_text user %R (at 0 -2.5 180) (layer F.Fab) hide
      (effects (font (size 1 1) (thickness 0.15)))
    )
    (pad 2 smd rect (at 2 0 180) (size 2.5 1.8) (layers F.Cu F.Paste F.Mask)
      (net 12 "Net-(D1-Pad2)"))
    (pad 1 smd rect (at -2 0 180) (size 2.5 1.8) (layers F.Cu F.Paste F.Mask)
      (net 5 +5V))
    (model ${KISYS3DMOD}/Diodes_SMD.3dshapes/D_SMA.wrl
      (at (xyz 0 0 0))
      (scale (xyz 1 1 1))
      (rotate (xyz 0 0 0))
    )
  )

  (module Diodes_SMD:D_MiniMELF_Handsoldering (layer F.Cu) (tedit 5B380A3B) (tstamp 5B3C19C5)
    (at 74.4 47.65 90)
    (descr "Diode Mini-MELF Handsoldering")
    (tags "Diode Mini-MELF Handsoldering")
    (path /5B33D5EF/5B35F3B7)
    (attr smd)
    (fp_text reference D3 (at 0 -1.75 90) (layer F.SilkS) hide
      (effects (font (size 1 1) (thickness 0.15)))
    )
    (fp_text value "2V5 Zener" (at -0.05 1.7 90) (layer F.SilkS)
      (effects (font (size 0.7 0.7) (thickness 0.1)))
    )
    (fp_line (start -4.65 1.1) (end -4.65 -1.1) (layer F.CrtYd) (width 0.05))
    (fp_line (start 4.65 1.1) (end -4.65 1.1) (layer F.CrtYd) (width 0.05))
